[gd_scene format=3 uid="uid://csiluxwgtqjna"]

[ext_resource type="PackedScene" uid="uid://bs72ogkvdd7d6" path="res://addons/proto_controller/proto_controller.tscn" id="1_ig7tw"]

[sub_resource type="ProceduralSkyMaterial" id="ProceduralSkyMaterial_ig7tw"]

[sub_resource type="Sky" id="Sky_ig7tw"]
sky_material = SubResource("ProceduralSkyMaterial_ig7tw")

[sub_resource type="Environment" id="Environment_0xm2m"]
background_mode = 1
sky = SubResource("Sky_ig7tw")
ambient_light_source = 3
ambient_light_color = Color(0.013010121, 0.018170675, 0.06296548, 1)
ambient_light_sky_contribution = 0.0
tonemap_mode = 2
glow_enabled = true

[node name="Main" type="Node3D" unique_id=1443965968]

[node name="WorldEnvironment" type="WorldEnvironment" parent="." unique_id=1862901371]
environment = SubResource("Environment_0xm2m")

[node name="Floor" type="CSGBox3D" parent="." unique_id=1279282118]
transform = Transform3D(274.9076, 0, 0, 0, 1, 0, 0, 0, 278.7204, -67.18622, 0.8069153, 137.2031)
use_collision = true
size = Vector3(2.139, 1, 1.9985371)

[node name="Blockout" type="CSGCombiner3D" parent="." unique_id=640869981]

[node name="CSGBox3D" type="CSGBox3D" parent="Blockout" unique_id=648795947]
transform = Transform3D(0.01716059, 0, -30.908428, 0, 21.35493, 0, 0.97629446, 0, 0.5432857, 102.295395, 12.009817, -63.633625)
size = Vector3(1, 1, 1.9047546)

[node name="CSGBox3D2" type="CSGBox3D" parent="Blockout" unique_id=1275541503]
transform = Transform3D(0.017574554, 0, -13.208349, 0, 21.35493, 0, 0.99984556, 0, 0.23216671, 102.03131, 12.009817, -126.28859)
size = Vector3(1, 1, 4.390686)

[node name="CSGBox3D3" type="CSGBox3D" parent="Blockout" unique_id=266826423]
transform = Transform3D(-1.0145527, 0, 0.01945442, 0, 21.35493, 0, -0.0020717457, 0, -9.526957, 131.04706, 12.009817, -95.19874)
size = Vector3(1, 1, 6.614311)

[node name="CSGBox3D5" type="CSGBox3D" parent="Blockout" unique_id=1994514982]
transform = Transform3D(-1.0145527, 0, 0.01945442, 0, 21.35493, 0, -0.0020717457, 0, -9.526957, 72.58246, 12.009817, -95.19874)
size = Vector3(1, 1, 6.614311)

[node name="CSGCylinder3D" type="CSGCylinder3D" parent="Blockout/CSGBox3D5" unique_id=228035240]
transform = Transform3D(-0.0043219267, 4.457215, 0.00083971024, -1.2764193, -0.015091731, 0.0008370489, 0.0002785138, -0.0009692751, 3.8492014, -0.00062561035, -0.16135237, -0.032572746)
operation = 2
radius = 0.50439453
sides = 16

[node name="CSGBox3D6" type="CSGBox3D" parent="Blockout" unique_id=382770014]
transform = Transform3D(-0.0028685401, 0, 9.526938, 0, 21.35493, 0, -1.0145508, 0, -0.026936356, 20.854544, 12.009817, -70.72944)
size = Vector3(1, 1, 10.471706)

[node name="CSGBox3D9" type="CSGBox3D" parent="Blockout" unique_id=1914552090]
transform = Transform3D(1.0130922, 0, 0.51138806, 0, 21.354929, 0, -0.05445919, 0, 9.513242, -27.216345, 12.009817, -48.798088)
size = Vector3(1, 1, 4.607856)

[node name="CSGBox3D10" type="CSGBox3D" parent="Blockout" unique_id=108985270]
transform = Transform3D(1.0130922, 0, 0.51138806, 0, 21.354929, 0, -0.05445919, 0, 9.513242, -62.105442, 12.009817, -50.36017)
size = Vector3(1, 1, 4.7632785)

[node name="CSGBox3D12" type="CSGBox3D" parent="Blockout" unique_id=871338869]
transform = Transform3D(1.014552, 0, -0.022946835, 0, 21.354929, 0, 0.00244366, 0, 9.526949, -202.21219, 12.009817, -51.565376)
size = Vector3(1, 1, 4.5099216)

[node name="CSGBox3D18" type="CSGBox3D" parent="Blockout" unique_id=439837474]
transform = Transform3D(-0.033195388, 0, -9.521876, 0, 21.35493, 0, 1.0140117, 0, -0.3117148, -305.68, 12.009817, -39.42448)
size = Vector3(1, 1, 4.521796)

[node name="CSGBox3D17" type="CSGBox3D" parent="Blockout" unique_id=643972967]
transform = Transform3D(1.014552, 0, -0.022946835, 0, 21.354929, 0, 0.00244366, 0, 9.526949, -283.74866, 12.009817, -78.624535)
size = Vector3(1, 1, 8.265583)

[node name="CSGBox3D13" type="CSGBox3D" parent="Blockout" unique_id=527376137]
transform = Transform3D(0.0029571839, 0, 9.526937, 0, 21.354925, 0, -1.0145504, 0, 0.027769357, -181.78793, 12.009817, -31.067068)
size = Vector3(1, 1, 4.0317774)

[node name="CSGBox3D15" type="CSGBox3D" parent="Blockout" unique_id=836506982]
transform = Transform3D(0.0029571839, 0, 9.526937, 0, 21.354925, 0, -1.0145504, 0, 0.027769357, -218.22728, 12.009817, 57.93927)
size = Vector3(1, 1, 11.681528)

[node name="CSGBox3D16" type="CSGBox3D" parent="Blockout" unique_id=199272634]
transform = Transform3D(-1.014031, 0, -0.30606288, 0, 21.354923, 0, 0.032593556, 0, -9.522059, -272.62814, 12.009817, 115.3346)
size = Vector3(1, 1, 12.706182)

[node name="CSGBox3D22" type="CSGBox3D" parent="Blockout" unique_id=1381847636]
transform = Transform3D(-0.005276777, 0, -9.526848, 0, 21.354927, 0, 1.014541, 0, -0.04955095, -216.55408, 12.009817, 176.04858)
size = Vector3(1, 1, 11.732746)

[node name="CSGBox3D23" type="CSGBox3D" parent="Blockout" unique_id=273032466]
transform = Transform3D(0.02439832, 0, -9.52422, 0, 21.354927, 0, 1.0142612, 0, 0.22910726, -233.77808, 11.524952, 197.3834)
size = Vector3(1, 1.0454102, 8.116859)

[node name="CSGBox3D25" type="CSGBox3D" parent="Blockout" unique_id=1642717683]
transform = Transform3D(0.0823369, 0, -9.495551, 0, 21.354927, 0, 1.0112083, 0, 0.7731679, -261.26468, 12.009817, 221.79866)
size = Vector3(1, 1, 2.4958076)

[node name="CSGBox3D26" type="CSGBox3D" parent="Blockout" unique_id=2050439176]
transform = Transform3D(-1.0141366, 0, -0.2734878, 0, 21.354927, 0, 0.029124513, 0, -9.523051, -249.56856, 12.009817, 241.34755)
size = Vector3(1, 1, 4.2084246)

[node name="CSGBox3D27" type="CSGBox3D" parent="Blockout" unique_id=1128470188]
transform = Transform3D(0.007224502, 0, -9.526736, 0, 21.354929, 0, 1.0145292, 0, 0.06783992, -221.23228, 12.009817, 262.76724)
size = Vector3(1, 1, 5.933314)

[node name="CSGBox3D31" type="CSGBox3D" parent="Blockout" unique_id=752415593]
transform = Transform3D(-0.002231121, 0, 9.526955, 0, 21.354927, 0, -1.0145524, 0, -0.020950377, 14.522392, 12.009817, 272.0212)
size = Vector3(1, 1, 6.466792)

[node name="CSGBox3D33" type="CSGBox3D" parent="Blockout" unique_id=681075814]
transform = Transform3D(1.0143784, 0, 0.17757358, 0, 21.354927, 0, -0.01891037, 0, 9.525322, 44.691544, 12.009817, 243.79529)
size = Vector3(1, 1, 5.933314)

[node name="CSGBox3D49" type="CSGBox3D" parent="Blockout" unique_id=1696501146]
transform = Transform3D(6.433536, 0, 0.18932036, 0, 21.354927, 0, -0.119936064, 0, 10.155437, 62.812984, 12.009817, 79.97888)
size = Vector3(1, 1, 15.697125)

[node name="CSGBox3D32" type="CSGBox3D" parent="Blockout" unique_id=537198679]
transform = Transform3D(0.017901111, 0, -9.525494, 0, 21.354927, 0, 1.014397, 0, 0.1680966, -17.630762, 12.009817, 315.27692)
size = Vector3(1, 1, 16.212576)

[node name="CSGBox3D42" type="CSGBox3D" parent="Blockout" unique_id=482096313]
transform = Transform3D(1.0145543, 0, 0.010475159, 0, 21.354923, 0, -0.0011155568, 0, 9.526969, 60.898796, 12.009817, 238.42642)
size = Vector3(1, 1, 16.212576)

[node name="CSGBox3D44" type="CSGBox3D" parent="Blockout" unique_id=1886561209]
transform = Transform3D(1.0145543, 0, 0.010475159, 0, 21.354923, 0, -0.0011155568, 0, 9.526969, 102.71169, 11.847544, 235.8583)
size = Vector3(1, 0.98480225, 16.212576)

[node name="CSGBox3D45" type="CSGBox3D" parent="Blockout" unique_id=160637042]
transform = Transform3D(1.0145543, 0, 0.010475159, 0, 21.354923, 0, -0.0011155568, 0, 9.526969, 114.05439, 11.741316, 235.8583)
size = Vector3(1, 0.9748535, 16.212576)

[node name="CSGBox3D43" type="CSGBox3D" parent="Blockout" unique_id=980967804]
transform = Transform3D(0.0021157388, 0, 9.51276, 0, 21.354921, 0, -6.3798847, 0, 0.0031551656, 81.65506, 12.009817, 161.15605)
size = Vector3(1, 1, 4.4849463)

[node name="CSGBox3D46" type="CSGBox3D" parent="Blockout" unique_id=1518229021]
transform = Transform3D(0.00033645332, 0, 9.526976, 0, 21.354921, 0, -1.014555, 0, 0.0031598806, 152.36899, 12.009817, 158.91415)
size = Vector3(1, 1, 8.135641)

[node name="CSGBox3D50" type="CSGBox3D" parent="Blockout" unique_id=1588592456]
transform = Transform3D(0.00033645332, 0, 9.526976, 0, 21.354921, 0, -1.014555, 0, 0.0031598806, 163.34583, 12.009817, 41.42417)
size = Vector3(1, 1, 5.8312736)

[node name="CSGBox3D51" type="CSGBox3D" parent="Blockout" unique_id=1327552653]
transform = Transform3D(0.00033645332, 0, 9.526976, 0, 21.354921, 0, -1.014555, 0, 0.0031598806, 93.67853, 12.009817, 79.57723)
size = Vector3(1, 1, 5.8312736)

[node name="CSGBox3D52" type="CSGBox3D" parent="Blockout" unique_id=154290897]
transform = Transform3D(0.00033645332, 0, 9.526976, 0, 21.354921, 0, -1.014555, 0, 0.0031598806, -79.27178, 12.009817, 47.51332)
size = Vector3(1, 1, 4.522638)

[node name="CSGBox3D53" type="CSGBox3D" parent="Blockout" unique_id=1756653631]
transform = Transform3D(0.00033645332, 0, 9.526976, 0, 21.354921, 0, -1.014555, 0, 0.0031598806, -48.796436, 12.009817, 157.74706)
size = Vector3(1, 1, 5.726712)

[node name="CSGBox3D55" type="CSGBox3D" parent="Blockout" unique_id=1966147959]
transform = Transform3D(0.00033645332, 0, 9.526976, 0, 21.354921, 0, -1.014555, 0, 0.0031598806, 6.4865265, 12.009817, 93.7195)
size = Vector3(1, 1, 5.726712)

[node name="CSGBox3D54" type="CSGBox3D" parent="Blockout" unique_id=1385097892]
transform = Transform3D(0.00033645332, 0, 9.526976, 0, 21.354921, 0, -1.014555, 0, 0.0031598806, -72.04825, 12.009817, 236.4798)
size = Vector3(1, 1, 4.9408507)

[node name="CSGBox3D48" type="CSGBox3D" parent="Blockout" unique_id=465859806]
transform = Transform3D(0.00033645332, 0, 9.526976, 0, 21.354921, 0, -1.014555, 0, 0.0031598806, 162.3923, 12.009817, -63.99141)
size = Vector3(1, 1, 6.453967)

[node name="CSGBox3D47" type="CSGBox3D" parent="Blockout" unique_id=1846906024]
transform = Transform3D(-1.0145296, 0, 0.06750825, 0, 21.354923, 0, -0.0071890336, 0, -9.526736, 192.1924, 12.009817, 48.11585)
size = Vector3(1, 1, 23.59461)

[node name="CSGBox3D28" type="CSGBox3D" parent="Blockout" unique_id=1441550409]
transform = Transform3D(0.007224502, 0, -9.526736, 0, 21.354929, 0, 1.0145292, 0, 0.06783992, -240.2545, 12.009817, 307.7041)
size = Vector3(1, 1, 11.729086)

[node name="CSGBox3D35" type="CSGBox3D" parent="Blockout" unique_id=1368321250]
transform = Transform3D(0.007224502, 0, -9.526736, 0, 21.354929, 0, 1.0145292, 0, 0.06783992, -140.46205, 12.009817, 267.62238)
size = Vector3(1, 1, 3.512004)

[node name="CSGBox3D37" type="CSGBox3D" parent="Blockout" unique_id=1221960153]
transform = Transform3D(-1.0143174, 0, -0.20616752, 0, 21.354929, 0, 0.0219554, 0, -9.524747, -182.82727, 12.009817, 314.18665)
size = Vector3(1, 1, 1.542979)

[node name="CSGBox3D24" type="CSGBox3D" parent="Blockout" unique_id=1047047652]
transform = Transform3D(-1.014036, 0, -0.30456668, 0, 21.354927, 0, 0.032434218, 0, -9.522108, -271.76837, 12.009817, 209.723)
size = Vector3(1, 1, 2.482401)

[node name="CSGBox3D29" type="CSGBox3D" parent="Blockout" unique_id=1570487110]
transform = Transform3D(-1.014036, 0, -0.30456668, 0, 21.354927, 0, 0.032434218, 0, -9.522108, -194.48694, 11.717855, 230.12804)
size = Vector3(1, 1.0273438, 6.965815)

[node name="CSGCylinder3D2" type="CSGCylinder3D" parent="Blockout/CSGBox3D29" unique_id=2071265506]
transform = Transform3D(-0.0022870975, -10.563661, -0.006124288, 0.7736633, -0.031580385, 0.008454659, -0.0052571045, -0.051663283, 1.2467757, 1.0103455, -0.3598317, -2.2541122)
operation = 2
radius = 0.4946289
height = 1.3237305
sides = 16

[node name="CSGBox3D30" type="CSGBox3D" parent="Blockout" unique_id=885221872]
transform = Transform3D(-1.014036, 0, -0.30456668, 0, 21.354927, 0, 0.032434218, 0, -9.522108, -157.50293, 12.009817, 221.5243)
size = Vector3(1, 1, 9.308588)

[node name="CSGBox3D36" type="CSGBox3D" parent="Blockout" unique_id=636214560]
transform = Transform3D(-1.014036, 0, -0.30456668, 0, 21.354927, 0, 0.032434218, 0, -9.522108, -125.30549, 12.009817, 222.31938)
size = Vector3(1, 1, 9.475583)

[node name="CSGBox3D41" type="CSGBox3D" parent="Blockout" unique_id=1921897894]
transform = Transform3D(-1.014036, 0, -0.30456668, 0, 21.354927, 0, 0.032434218, 0, -9.522108, -99.80312, 12.009817, 143.34235)
size = Vector3(1, 1, 36.07617)

[node name="CSGBox3D38" type="CSGBox3D" parent="Blockout" unique_id=85646981]
transform = Transform3D(-0.031690888, 0, 9.522328, 0, 21.354925, 0, -1.0140597, 0, -0.29758674, -136.89621, 12.009817, 318.51096)
size = Vector3(1, 1, 9.338805)

[node name="CSGBox3D39" type="CSGBox3D" parent="Blockout" unique_id=1509611741]
transform = Transform3D(-1.013952, 0, -0.3283316, 0, 21.354923, 0, 0.034964994, 0, -9.5213175, -20.4462, 12.009817, 123.1451)
size = Vector3(1, 1, 31.34689)

[node name="CSGBox3D34" type="CSGBox3D" parent="Blockout" unique_id=1549913409]
transform = Transform3D(-0.024469078, 0, 9.524206, 0, 21.354927, 0, -1.0142598, 0, -0.22977138, -43.55717, 12.009817, -27.026081)
size = Vector3(1, 1, 3.79956)

[node name="CSGBox3D21" type="CSGBox3D" parent="Blockout" unique_id=2007026456]
transform = Transform3D(-1.014031, 0, -0.30606288, 0, 21.354923, 0, 0.032593556, 0, -9.522059, -297.8273, 12.009817, 189.26343)
size = Vector3(1, 1, 24.733124)

[node name="CSGBox3D20" type="CSGBox3D" parent="Blockout" unique_id=1559960861]
transform = Transform3D(-0.030982953, 0, -9.522533, 0, 21.354921, 0, 1.0140815, 0, -0.2909398, -313.2509, 12.009817, 71.576546)
size = Vector3(1, 1, 2.6349816)

[node name="CSGBox3D19" type="CSGBox3D" parent="Blockout" unique_id=1648311914]
transform = Transform3D(-1.014031, 0, -0.30606288, 0, 21.354923, 0, 0.032593556, 0, -9.522059, -326.08322, 12.009817, 15.344109)
size = Vector3(1, 1, 11.621172)

[node name="CSGBox3D14" type="CSGBox3D" parent="Blockout" unique_id=1656030038]
transform = Transform3D(1.0144877, 0, 0.109573014, 0, 21.354923, 0, -0.011668795, 0, 9.526347, -162.64667, 12.009817, 14.874282)
size = Vector3(1, 1, 9.244298)

[node name="CSGBox3D40" type="CSGBox3D" parent="Blockout" unique_id=647917203]
transform = Transform3D(0.005400764, 0, 9.526841, 0, 21.354921, 0, -1.0145404, 0, 0.050715297, -111.85924, 12.009817, -30.698816)
size = Vector3(1, 1, 10.61212)

[node name="CSGCylinder3D3" type="CSGCylinder3D" parent="Blockout/CSGBox3D40" unique_id=358106040]
transform = Transform3D(-0.0006090908, -6.012739, 0.0066833794, 0.62530655, -0.0059822155, -0.0032862986, 0.0020013037, 0.03904002, 1.0288364, -0.14470673, -0.2719386, -0.5136852)
operation = 2
sides = 17

[node name="CSGCylinder3D4" type="CSGCylinder3D" parent="Blockout/CSGBox3D40" unique_id=1323851719]
transform = Transform3D(-0.00060909067, -6.0127387, 0.0066833794, 0.62530655, -0.0059822155, -0.0032862986, 0.0020013037, 0.03904002, 1.0288363, 0.75616074, -0.27193856, 2.6848383)
operation = 2
sides = 17

[node name="CSGBox3D11" type="CSGBox3D" parent="Blockout" unique_id=617186634]
transform = Transform3D(-0.019282185, 0, -9.525256, 0, 21.354929, 0, 1.0143716, 0, -0.18106574, -132.15268, 12.009817, -72.86455)
size = Vector3(1, 1, 14.548547)

[node name="CSGBox3D7" type="CSGBox3D" parent="Blockout" unique_id=45055291]
transform = Transform3D(-0.0028685401, 0, 9.526938, 0, 21.35493, 0, -1.0145508, 0, -0.026936356, -105.91832, 12.009817, -118.51686)
size = Vector3(1, 1, 37.085266)

[node name="CSGBox3D8" type="CSGBox3D" parent="Blockout" unique_id=2108304170]
transform = Transform3D(-0.0028685401, -2.963592e-16, 9.5269375, 1.0145417, -0.089451686, 0.02693612, 0.004249758, 21.354744, 0.00011283344, -105.54595, 21.802288, -96.90407)
size = Vector3(1, 2.0112839, 37.007095)

[node name="CSGBox3D58" type="CSGBox3D" parent="Blockout" unique_id=2146775687]
transform = Transform3D(-0.0028685401, -2.963592e-16, 9.5269375, 1.0145417, -0.089451686, 0.02693612, 0.004249758, 21.354744, 0.00011283344, -112.790054, 21.791447, -52.77498)
size = Vector3(1, 2.1481967, 19.17759)

[node name="CSGBox3D59" type="CSGBox3D" parent="Blockout" unique_id=267256227]
transform = Transform3D(-0.0042325095, -21.354362, -0.057144836, 1.0145416, -0.089451686, 0.02693612, -0.0028939296, -0.12783802, 9.526765, 108.15467, 22.736046, 235.32948)
size = Vector3(1, 0.61219597, 16.20823)

[node name="CSGBox3D4" type="CSGBox3D" parent="Blockout" unique_id=1981559121]
transform = Transform3D(-0.0029571243, -21.354841, 5.6706205e-05, -1.0145484, 0.062243342, 0.019454338, -0.002071746, 1.5523158e-10, -9.5269575, 102.465324, 23.352142, -95.19874)
size = Vector3(1, 2.8637695, 6.614311)

[node name="CSGBox3D56" type="CSGBox3D" parent="Blockout" unique_id=1328264243]
transform = Transform3D(-0.0030067887, -21.348484, -0.23237519, -1.0145484, 0.062243342, 0.01945434, -0.0019989833, 0.5210001, -9.524122, -221.54102, 23.288374, 229.68164)
size = Vector3(1, 2.6906738, 7.087904)

[node name="CSGBox3D57" type="CSGBox3D" parent="Blockout" unique_id=1558221940]
transform = Transform3D(-0.003101462, -21.297028, -0.7004998, -1.0145484, 0.062243342, 0.01945434, -0.0018486875, 1.5703092, -9.501169, -262.13974, 22.98236, 209.31375)
size = Vector3(1, 1.0661621, 2.6888561)

[node name="ProtoController" parent="." unique_id=74249164 instance=ExtResource("1_ig7tw")]
transform = Transform3D(1, 0, 0, 0, 1, 0, 0, 0, 1, 88.99774, 0.50001526, -77.016205)
can_sprint = true

[node name="Lights" type="Node3D" parent="." unique_id=1819811465]

[node name="OmniLight3D" type="OmniLight3D" parent="Lights" unique_id=1590772849]
transform = Transform3D(0.12779167, 0, -0.991801, 0, 1, 0, 0.991801, 0, 0.12779167, 127.19987, 12.544058, -66.85129)
light_color = Color(0.91972536, 0.44581103, 0.40217516, 1)
light_energy = 7.97
omni_range = 20.277

[node name="OmniLight3D2" type="OmniLight3D" parent="Lights" unique_id=604142027]
transform = Transform3D(0.12779167, 0, -0.991801, 0, 1, 0, 0.991801, 0, 0.12779167, 127.19987, 12.544058, -123.69286)
light_color = Color(0.91972536, 0.44581103, 0.40217516, 1)
light_energy = 7.97
omni_range = 20.277

[node name="OmniLight3D3" type="OmniLight3D" parent="Lights" unique_id=2075046684]
transform = Transform3D(0.12779167, 0, -0.991801, 0, 1, 0, 0.991801, 0, 0.12779167, 75.63285, 12.544058, -123.69286)
light_color = Color(0.91972536, 0.44581103, 0.40217516, 1)
light_energy = 7.97
omni_range = 20.277

[node name="OmniLight3D4" type="OmniLight3D" parent="Lights" unique_id=1498954193]
transform = Transform3D(0.12779167, 0, -0.991801, 0, 1, 0, 0.991801, 0, 0.12779167, 75.63285, 12.544058, -67.28807)
light_color = Color(0.91972536, 0.44581103, 0.40217516, 1)
light_energy = 7.97
omni_range = 20.277

[node name="OmniLight3D5" type="OmniLight3D" parent="Lights" unique_id=1777107778]
transform = Transform3D(0.12779167, 0, -0.991801, 0, 1, 0, 0.991801, 0, 0.12779167, -10.307846, 12.544058, -74.356155)
light_color = Color(0.91972536, 0.44581103, 0.40217516, 1)
light_energy = 7.97
omni_range = 20.277

[node name="OmniLight3D7" type="OmniLight3D" parent="Lights" unique_id=147351186]
transform = Transform3D(0.12779167, 0, -0.991801, 0, 1, 0, 0.991801, 0, 0.12779167, -46.207684, 12.544058, -28.83831)
light_color = Color(0.91972536, 0.44581103, 0.40217516, 1)
light_energy = 7.97
omni_range = 20.277

[node name="OmniLight3D6" type="OmniLight3D" parent="Lights" unique_id=1408120630]
transform = Transform3D(0.12779167, 0, -0.991801, 0, 1, 0, 0.991801, 0, 0.12779167, -152.11665, 12.544058, -114.93144)
light_color = Color(0.91972536, 0.44581103, 0.40217516, 1)
light_energy = 7.97
omni_range = 20.277

[node name="OmniLight3D8" type="OmniLight3D" parent="Lights" unique_id=500392043]
transform = Transform3D(0.12779167, 0, -0.991801, 0, 1, 0, 0.991801, 0, 0.12779167, -198.3169, 12.544058, -76.61023)
light_color = Color(0.91972536, 0.44581103, 0.40217516, 1)
light_energy = 7.97
omni_range = 20.277

[node name="OmniLight3D9" type="OmniLight3D" parent="Lights" unique_id=1794207996]
transform = Transform3D(0.12779167, 0, -0.991801, 0, 1, 0, 0.991801, 0, 0.12779167, -278.53275, 12.544058, -76.61023)
light_color = Color(0.91972536, 0.44581103, 0.40217516, 1)
light_energy = 7.97
omni_range = 20.277

[node name="OmniLight3D10" type="OmniLight3D" parent="Lights" unique_id=2144149588]
transform = Transform3D(0.12779167, 0, -0.991801, 0, 1, 0, 0.991801, 0, 0.12779167, -204.14493, 10.15415, -39.141495)
light_color = Color(0.91972536, 0.44581103, 0.40217516, 1)
light_energy = 7.97
omni_range = 20.277

[node name="OmniLight3D11" type="OmniLight3D" parent="Lights" unique_id=1518634830]
transform = Transform3D(0.12779167, 0, -0.991801, 0, 1, 0, 0.991801, 0, 0.12779167, -173.23598, 10.15415, 44.97721)
light_color = Color(0.91972536, 0.44581103, 0.40217516, 1)
light_energy = 7.97
omni_range = 20.277

[node name="OmniLight3D13" type="OmniLight3D" parent="Lights" unique_id=1464493368]
transform = Transform3D(0.12779167, 0, -0.991801, 0, 1, 0, 0.991801, 0, 0.12779167, -318.3835, 10.15415, 44.97721)
light_color = Color(0.91972536, 0.44581103, 0.40217516, 1)
light_energy = 7.97
omni_range = 20.277

[node name="OmniLight3D14" type="OmniLight3D" parent="Lights" unique_id=1715302248]
transform = Transform3D(0.12779167, 0, -0.991801, 0, 1, 0, 0.991801, 0, 0.12779167, -318.3835, 10.15415, 9.27533)
light_color = Color(0.91972536, 0.44581103, 0.40217516, 1)
light_energy = 7.97
omni_range = 20.277

[node name="OmniLight3D16" type="OmniLight3D" parent="Lights" unique_id=824087253]
transform = Transform3D(0.12779167, 0, -0.991801, 0, 1, 0, 0.991801, 0, 0.12779167, -318.3835, 10.15415, -28.787407)
light_color = Color(0.91972536, 0.44581103, 0.40217516, 1)
light_energy = 7.97
omni_range = 20.277

[node name="OmniLight3D12" type="OmniLight3D" parent="Lights" unique_id=1361134938]
transform = Transform3D(0.12779167, 0, -0.991801, 0, 1, 0, 0.991801, 0, 0.12779167, -173.23598, 10.15415, -18.26883)
light_color = Color(0.91972536, 0.44581103, 0.40217516, 1)
light_energy = 7.97
omni_range = 20.277

[node name="OmniLight3D15" type="OmniLight3D" parent="Lights" unique_id=254619379]
transform = Transform3D(0.12779167, 0, -0.991801, 0, 1, 0, 0.991801, 0, 0.12779167, -294.3088, 10.15415, 148.64542)
light_color = Color(0.91972536, 0.44581103, 0.40217516, 1)
light_energy = 7.97
omni_range = 20.277

[node name="OmniLight3D25" type="OmniLight3D" parent="Lights" unique_id=685642632]
transform = Transform3D(0.12779167, 0, -0.991801, 0, 1, 0, 0.991801, 0, 0.12779167, -275.13837, 10.15415, 105.24609)
light_color = Color(0.91972536, 0.44581103, 0.40217516, 1)
light_energy = 7.97
omni_range = 20.277

[node name="OmniLight3D17" type="OmniLight3D" parent="Lights" unique_id=1888048619]
transform = Transform3D(0.12779167, 0, -0.991801, 0, 1, 0, 0.991801, 0, 0.12779167, -253.7486, 10.15415, 240.1372)
light_color = Color(0.91972536, 0.44581103, 0.40217516, 1)
light_energy = 7.97
omni_range = 20.277

[node name="OmniLight3D18" type="OmniLight3D" parent="Lights" unique_id=1661422277]
transform = Transform3D(0.12779167, 0, -0.991801, 0, 1, 0, 0.991801, 0, 0.12779167, -285.24237, 14.515707, 299.68738)
light_color = Color(0.91972536, 0.44581103, 0.40217516, 1)
light_energy = 7.97
omni_range = 20.277

[node name="OmniLight3D19" type="OmniLight3D" parent="Lights" unique_id=1501658662]
transform = Transform3D(0.12779167, 0, -0.991801, 0, 1, 0, 0.991801, 0, 0.12779167, -227.86751, 14.515707, 180.73169)
light_color = Color(0.91972536, 0.44581103, 0.40217516, 1)
light_energy = 7.97
omni_range = 20.277

[node name="OmniLight3D20" type="OmniLight3D" parent="Lights" unique_id=366639526]
transform = Transform3D(0.12779167, 0, -0.991801, 0, 1, 0, 0.991801, 0, 0.12779167, -170.74261, 14.515707, 180.73169)
light_color = Color(0.91972536, 0.44581103, 0.40217516, 1)
light_energy = 7.97
omni_range = 20.277

[node name="OmniLight3D56" type="OmniLight3D" parent="Lights" unique_id=338043118]
transform = Transform3D(0.12779167, 0, -0.991801, 0, 1, 0, 0.991801, 0, 0.12779167, -170.74261, 14.515707, 160.52692)
light_color = Color(0.91972536, 0.44581103, 0.40217516, 1)
light_energy = 7.97
omni_range = 20.277

[node name="OmniLight3D57" type="OmniLight3D" parent="Lights" unique_id=1764549129]
transform = Transform3D(0.12779167, 0, -0.991801, 0, 1, 0, 0.991801, 0, 0.12779167, -216.88898, 14.515707, 160.52692)
light_color = Color(0.91972536, 0.44581103, 0.40217516, 1)
light_energy = 7.97
omni_range = 20.277

[node name="OmniLight3D21" type="OmniLight3D" parent="Lights" unique_id=789334869]
transform = Transform3D(0.12779167, 0, -0.991801, 0, 1, 0, 0.991801, 0, 0.12779167, -170.74261, 14.515707, 249.81976)
light_color = Color(0.91972536, 0.44581103, 0.40217516, 1)
light_energy = 7.97
omni_range = 20.277

[node name="OmniLight3D22" type="OmniLight3D" parent="Lights" unique_id=1465996082]
transform = Transform3D(0.12779167, 0, -0.991801, 0, 1, 0, 0.991801, 0, 0.12779167, -107.16516, 14.515707, 307.0413)
light_color = Color(0.91972536, 0.44581103, 0.40217516, 1)
light_energy = 7.97
omni_range = 20.277

[node name="OmniLight3D59" type="OmniLight3D" parent="Lights" unique_id=325468395]
transform = Transform3D(0.12779167, 0, -0.991801, 0, 1, 0, 0.991801, 0, 0.12779167, -139.77103, 11.863043, 271.78418)
light_color = Color(0.91972536, 0.44581103, 0.40217516, 1)
light_energy = 7.97
omni_range = 20.277

[node name="OmniLight3D60" type="OmniLight3D" parent="Lights" unique_id=68825435]
transform = Transform3D(0.12779167, 0, -0.991801, 0, 1, 0, 0.991801, 0, 0.12779167, -215.89165, 11.863043, 271.78418)
light_color = Color(0.91972536, 0.44581103, 0.40217516, 1)
light_energy = 7.97
omni_range = 20.277

[node name="OmniLight3D23" type="OmniLight3D" parent="Lights" unique_id=390901491]
transform = Transform3D(0.12779167, 0, -0.991801, 0, 1, 0, 0.991801, 0, 0.12779167, -107.16516, 14.515707, 158.05295)
light_color = Color(0.91972536, 0.44581103, 0.40217516, 1)
light_energy = 7.97
omni_range = 20.277

[node name="OmniLight3D24" type="OmniLight3D" parent="Lights" unique_id=1801564345]
transform = Transform3D(0.12779167, 0, -0.991801, 0, 1, 0, 0.991801, 0, 0.12779167, -107.16516, 14.515707, 66.81732)
light_color = Color(0.91972536, 0.44581103, 0.40217516, 1)
light_energy = 7.97
omni_range = 20.277

[node name="OmniLight3D26" type="OmniLight3D" parent="Lights" unique_id=498515890]
transform = Transform3D(0.12779167, 0, -0.991801, 0, 1, 0, 0.991801, 0, 0.12779167, -261.48175, 7.2744427, 166.0776)
light_color = Color(0.91972536, 0.44581103, 0.40217516, 1)
light_energy = 7.97
omni_range = 20.277

[node name="OmniLight3D54" type="OmniLight3D" parent="Lights" unique_id=625148830]
transform = Transform3D(0.12779167, 0, -0.991801, 0, 1, 0, 0.991801, 0, 0.12779167, -261.48175, 7.2744427, 64.319885)
light_color = Color(0.91972536, 0.44581103, 0.40217516, 1)
light_energy = 7.97
omni_range = 20.277

[node name="OmniLight3D27" type="OmniLight3D" parent="Lights" unique_id=1981729613]
transform = Transform3D(0.12779167, 0, -0.991801, 0, 1, 0, 0.991801, 0, 0.12779167, -140.4206, 14.515707, 251.65067)
light_color = Color(0.91972536, 0.44581103, 0.40217516, 1)
light_energy = 7.97
omni_range = 20.277

[node name="OmniLight3D28" type="OmniLight3D" parent="Lights" unique_id=2136756395]
transform = Transform3D(0.12779167, 0, -0.991801, 0, 1, 0, 0.991801, 0, 0.12779167, -152.68816, 14.515707, -23.03724)
light_color = Color(0.91972536, 0.44581103, 0.40217516, 1)
light_energy = 7.97
omni_range = 20.277

[node name="OmniLight3D29" type="OmniLight3D" parent="Lights" unique_id=1015661637]
transform = Transform3D(0.12779167, 0, -0.991801, 0, 1, 0, 0.991801, 0, 0.12779167, -97.16513, 8.484564, 39.99974)
light_color = Color(0.91972536, 0.44581103, 0.40217516, 1)
light_energy = 7.97
omni_range = 20.277

[node name="OmniLight3D30" type="OmniLight3D" parent="Lights" unique_id=1136694816]
transform = Transform3D(0.12779167, 0, -0.991801, 0, 1, 0, 0.991801, 0, 0.12779167, -31.65506, 8.484564, 39.99974)
light_color = Color(0.91972536, 0.44581103, 0.40217516, 1)
light_energy = 7.97
omni_range = 20.277

[node name="OmniLight3D31" type="OmniLight3D" parent="Lights" unique_id=1721097657]
transform = Transform3D(0.12779167, 0, -0.991801, 0, 1, 0, 0.991801, 0, 0.12779167, -31.65506, 8.484564, 151.7051)
light_color = Color(0.91972536, 0.44581103, 0.40217516, 1)
light_energy = 7.97
omni_range = 20.277

[node name="OmniLight3D32" type="OmniLight3D" parent="Lights" unique_id=1154480778]
transform = Transform3D(0.12779167, 0, -0.991801, 0, 1, 0, 0.991801, 0, 0.12779167, -92.87341, 8.484564, 151.7051)
light_color = Color(0.91972536, 0.44581103, 0.40217516, 1)
light_energy = 7.97
omni_range = 20.277

[node name="OmniLight3D33" type="OmniLight3D" parent="Lights" unique_id=1292029640]
transform = Transform3D(0.12779167, 0, -0.991801, 0, 1, 0, 0.991801, 0, 0.12779167, -92.87341, 8.484564, 219.25816)
light_color = Color(0.91972536, 0.44581103, 0.40217516, 1)
light_energy = 7.97
omni_range = 20.277

[node name="OmniLight3D53" type="OmniLight3D" parent="Lights" unique_id=510053130]
transform = Transform3D(0.12779167, 0, -0.991801, 0, 1, 0, 0.991801, 0, 0.12779167, -92.87341, 8.484564, 309.23914)
light_color = Color(0.91972536, 0.44581103, 0.40217516, 1)
light_energy = 7.97
omni_range = 20.277

[node name="OmniLight3D34" type="OmniLight3D" parent="Lights" unique_id=2047536351]
transform = Transform3D(0.12779167, 0, -0.991801, 0, 1, 0, 0.991801, 0, 0.12779167, -21.497604, 8.484564, 256.95435)
light_color = Color(0.91972536, 0.44581103, 0.40217516, 1)
light_energy = 7.97
omni_range = 20.277

[node name="OmniLight3D35" type="OmniLight3D" parent="Lights" unique_id=2146422706]
transform = Transform3D(0.12779167, 0, -0.991801, 0, 1, 0, 0.991801, 0, 0.12779167, 50.983444, 8.484564, 306.99768)
light_color = Color(0.91972536, 0.44581103, 0.40217516, 1)
light_energy = 7.97
omni_range = 20.277

[node name="OmniLight3D36" type="OmniLight3D" parent="Lights" unique_id=323635061]
transform = Transform3D(0.12779167, 0, -0.991801, 0, 1, 0, 0.991801, 0, 0.12779167, 56.295242, 8.484564, 168.66798)
light_color = Color(0.91972536, 0.44581103, 0.40217516, 1)
light_energy = 7.97
omni_range = 20.277

[node name="OmniLight3D37" type="OmniLight3D" parent="Lights" unique_id=1813923058]
transform = Transform3D(0.12779167, 0, -0.991801, 0, 1, 0, 0.991801, 0, 0.12779167, -11.907852, 8.484564, 168.66798)
light_color = Color(0.91972536, 0.44581103, 0.40217516, 1)
light_energy = 7.97
omni_range = 20.277

[node name="OmniLight3D38" type="OmniLight3D" parent="Lights" unique_id=480463145]
transform = Transform3D(0.12779167, 0, -0.991801, 0, 1, 0, 0.991801, 0, 0.12779167, -11.907852, 8.484564, 96.46683)
light_color = Color(0.91972536, 0.44581103, 0.40217516, 1)
light_energy = 7.97
omni_range = 20.277

[node name="OmniLight3D39" type="OmniLight3D" parent="Lights" unique_id=1921920471]
transform = Transform3D(0.12779167, 0, -0.991801, 0, 1, 0, 0.991801, 0, 0.12779167, -11.907852, 8.484564, 249.05504)
light_color = Color(0.91972536, 0.44581103, 0.40217516, 1)
light_energy = 7.97
omni_range = 20.277

[node name="OmniLight3D40" type="OmniLight3D" parent="Lights" unique_id=1173040125]
transform = Transform3D(0.12779167, 0, -0.991801, 0, 1, 0, 0.991801, 0, 0.12779167, -17.09954, 8.484564, -61.50608)
light_color = Color(0.91972536, 0.44581103, 0.40217516, 1)
light_energy = 7.97
omni_range = 20.277

[node name="OmniLight3D41" type="OmniLight3D" parent="Lights" unique_id=1049355143]
transform = Transform3D(0.12779167, 0, -0.991801, 0, 1, 0, 0.991801, 0, 0.12779167, -17.09954, 8.484564, 23.151596)
light_color = Color(0.91972536, 0.44581103, 0.40217516, 1)
light_energy = 7.97
omni_range = 20.277

[node name="OmniLight3D42" type="OmniLight3D" parent="Lights" unique_id=965810467]
transform = Transform3D(0.12779167, 0, -0.991801, 0, 1, 0, 0.991801, 0, 0.12779167, 55.080803, 8.484564, 48.61992)
light_color = Color(0.91972536, 0.44581103, 0.40217516, 1)
light_energy = 7.97
omni_range = 20.277

[node name="OmniLight3D43" type="OmniLight3D" parent="Lights" unique_id=1471235117]
transform = Transform3D(0.12779167, 0, -0.991801, 0, 1, 0, 0.991801, 0, 0.12779167, 178.06778, 8.484564, -54.170433)
light_color = Color(0.91972536, 0.44581103, 0.40217516, 1)
light_energy = 7.97
omni_range = 20.277

[node name="OmniLight3D44" type="OmniLight3D" parent="Lights" unique_id=304834819]
transform = Transform3D(0.12779167, 0, -0.991801, 0, 1, 0, 0.991801, 0, 0.12779167, 184.01733, 8.484564, 29.233986)
light_color = Color(0.91972536, 0.44581103, 0.40217516, 1)
light_energy = 7.97
omni_range = 20.277

[node name="OmniLight3D45" type="OmniLight3D" parent="Lights" unique_id=48755278]
transform = Transform3D(0.12779167, 0, -0.991801, 0, 1, 0, 0.991801, 0, 0.12779167, 74.454285, 8.484564, 69.73016)
light_color = Color(0.91972536, 0.44581103, 0.40217516, 1)
light_energy = 7.97
omni_range = 20.277

[node name="OmniLight3D46" type="OmniLight3D" parent="Lights" unique_id=797948580]
transform = Transform3D(0.12779167, 0, -0.991801, 0, 1, 0, 0.991801, 0, 0.12779167, 182.51025, 8.484564, 138.7686)
light_color = Color(0.91972536, 0.44581103, 0.40217516, 1)
light_energy = 7.97
omni_range = 20.277

[node name="OmniLight3D47" type="OmniLight3D" parent="Lights" unique_id=818969072]
transform = Transform3D(0.12779167, 0, -0.991801, 0, 1, 0, 0.991801, 0, 0.12779167, 72.1145, 8.484564, 152.6804)
light_color = Color(0.91972536, 0.44581103, 0.40217516, 1)
light_energy = 7.97
omni_range = 20.277

[node name="OmniLight3D48" type="OmniLight3D" parent="Lights" unique_id=1532879493]
transform = Transform3D(0.12779167, 0, -0.991801, 0, 1, 0, 0.991801, 0, 0.12779167, 72.1145, 8.484564, 152.6804)
light_color = Color(0.91972536, 0.44581103, 0.40217516, 1)
light_energy = 7.97
omni_range = 20.277

[node name="OmniLight3D49" type="OmniLight3D" parent="Lights" unique_id=854231742]
transform = Transform3D(0.12779167, 0, -0.991801, 0, 1, 0, 0.991801, 0, 0.12779167, -256.38766, 8.484564, 206.30716)
light_color = Color(0.8017762, 0.97473365, 0.8230631, 1)
light_energy = 7.97
omni_range = 94.615

[node name="OmniLight3D50" type="OmniLight3D" parent="Lights" unique_id=1105823186]
transform = Transform3D(0.12779167, 0, -0.991801, 0, 1, 0, 0.991801, 0, 0.12779167, -241.38533, 12.071512, 255.16913)
light_color = Color(0.8017762, 0.97473365, 0.8230631, 1)
light_energy = 7.97
omni_range = 94.615

[node name="OmniLight3D51" type="OmniLight3D" parent="Lights" unique_id=2141917815]
transform = Transform3D(0.12779167, 0, -0.991801, 0, 1, 0, 0.991801, 0, 0.12779167, -197.9141, 8.519901, 216.0778)
light_color = Color(0.8017762, 0.97473365, 0.8230631, 1)
light_energy = 7.97
omni_range = 94.615

[node name="OmniLight3D52" type="OmniLight3D" parent="Lights" unique_id=99630618]
transform = Transform3D(0.12779167, 0, -0.991801, 0, 1, 0, 0.991801, 0, 0.12779167, -196.52016, 11.879057, -61.375854)
light_color = Color(0.8017762, 0.97473365, 0.8230631, 1)
light_energy = 11.138
light_indirect_energy = 4.168
omni_range = 17.426
omni_attenuation = 1.198

[node name="OmniLight3D58" type="OmniLight3D" parent="Lights" unique_id=2135557156]
transform = Transform3D(0.12779167, 0, -0.991801, 0, 1, 0, 0.991801, 0, 0.12779167, -68.77279, 11.879057, -32.047726)
light_color = Color(0.8017762, 0.97473365, 0.8230631, 1)
light_energy = 7.97
omni_range = 12.774

[node name="OmniLight3D55" type="OmniLight3D" parent="Lights" unique_id=191885134]
transform = Transform3D(0.12779167, 0, -0.991801, 0, 1, 0, 0.991801, 0, 0.12779167, -102.5482, 11.879057, -32.799767)
light_color = Color(0.8017762, 0.97473365, 0.8230631, 1)
light_energy = 7.97
omni_range = 12.701

[node name="SpotLight3D" type="SpotLight3D" parent="Lights" unique_id=585632955]
transform = Transform3D(0.52510744, 0.5614114, -0.6395933, -0.0024632283, 0.7525462, 0.65853494, 0.85103244, -0.34422612, 0.39655048, -194.90672, 17.751509, -33.002438)
light_color = Color(0.699176, 0.899303, 0.78231794, 1)
spot_range = 75.669
spot_attenuation = -0.11

[node name="SpotLight3D2" type="SpotLight3D" parent="Lights" unique_id=514367885]
transform = Transform3D(0.52510744, 0.5614114, -0.6395933, -0.0024632283, 0.7525462, 0.65853494, 0.85103244, -0.34422612, 0.39655048, -147.75919, 17.751509, -33.002438)
light_color = Color(0.699176, 0.899303, 0.78231794, 1)
spot_range = 126.993
spot_attenuation = -0.11

[node name="SpotLight3D3" type="SpotLight3D" parent="Lights" unique_id=2046058996]
transform = Transform3D(1, 0, 0, 0, 0.9947565, 0.1022717, 0, -0.1022717, 0.9947565, 108, 18, 275)
light_color = Color(0.13725491, 0.59607846, 0.29411766, 1)
spot_range = 237.711
spot_attenuation = -0.19
spot_angle = 12.251567
spot_angle_attenuation = 0.9012504

[node name="SpotLight3D4" type="SpotLight3D" parent="Lights" unique_id=313806879]
transform = Transform3D(1, 0, 0, 0, 0.93895024, -0.34405303, 0, 0.34405303, 0.93895024, -44, 27.442688, 299.6708)
light_color = Color(0.8139428, 0.33818907, 0.32522532, 1)
light_energy = 0.208
light_indirect_energy = 0.0
spot_range = 292.332
spot_attenuation = -0.08

[node name="SpotLight3D5" type="SpotLight3D" parent="Lights" unique_id=735522531]
transform = Transform3D(1, 0, 0, 0, 0.93895024, -0.34405303, 0, 0.34405303, 0.93895024, 1.1074181, 27.442688, 249.77151)
light_color = Color(0.8139428, 0.33818907, 0.32522532, 1)
light_energy = 0.208
light_indirect_energy = 0.0
distance_fade_enabled = true
spot_range = 292.332
spot_attenuation = -0.48

[node name="SpotLight3D6" type="SpotLight3D" parent="Lights" unique_id=1584937454]
transform = Transform3D(-0.9355119, -0.121552244, -0.3317266, -0.13070995, 0.99140626, 0.005344916, 0.32822612, 0.0483602, -0.94336045, 1.1074181, 16.876816, -31.588577)
light_color = Color(0.8139428, 0.33818907, 0.32522532, 1)
light_energy = 0.208
light_indirect_energy = 0.0
spot_range = 292.332
spot_attenuation = -0.29

[node name="SpotLight3D15" type="SpotLight3D" parent="Lights" unique_id=1299062422]
transform = Transform3D(-0.94907874, -0.12668443, 0.28844455, -0.13070993, 0.99140614, 0.005344913, -0.28664285, -0.03262982, -0.95748156, -43.21375, 16.876816, -19.417511)
light_color = Color(0.8139428, 0.33818907, 0.32522532, 1)
light_energy = 0.208
light_indirect_energy = 0.0
spot_range = 292.332
spot_attenuation = -0.29

[node name="SpotLight3D13" type="SpotLight3D" parent="Lights" unique_id=899512562]
transform = Transform3D(-0.387255, -0.83960134, 0.38092417, 0.08221331, 0.38006943, 0.9212971, -0.9182998, 0.38809395, -0.07815739, 105.72505, 25.044783, -91.16281)
light_color = Color(0.9164376, 0.50765336, 0.4835356, 1)
light_energy = 0.208
light_indirect_energy = 0.0
spot_range = 34.820507
spot_attenuation = -0.43
spot_angle = 43.977932

[node name="SpotLight3D7" type="SpotLight3D" parent="Lights" unique_id=2000106929]
transform = Transform3D(0.98601556, 0.10807313, 0.12686026, -0.1155521, 0.9918793, 0.05313447, -0.12008774, -0.06705038, 0.9904966, 165.98743, 27.442688, 184.67981)
light_color = Color(0.8139428, 0.33818907, 0.32522532, 1)
light_energy = 0.208
light_indirect_energy = 0.0
spot_range = 292.332
spot_attenuation = 0.26

[node name="SpotLight3D8" type="SpotLight3D" parent="Lights" unique_id=1230612175]
transform = Transform3D(-0.9656455, -0.12853119, 0.22585087, -0.13070996, 0.99140626, 0.005344918, -0.22459696, -0.024359658, -0.97414726, -240.44424, 11.473488, -111.76226)
light_color = Color(0.8139428, 0.33818907, 0.32522532, 1)
light_energy = 0.208
light_indirect_energy = 0.0
distance_fade_enabled = true
spot_range = 292.332
spot_attenuation = -0.48

[node name="SpotLight3D14" type="SpotLight3D" parent="Lights" unique_id=1535713741]
transform = Transform3D(-0.9656455, -0.12853119, 0.22585087, -0.13070996, 0.99140626, 0.005344918, -0.22459696, -0.024359658, -0.97414726, -293.54926, 11.473488, -31.465157)
light_color = Color(0.8139428, 0.33818907, 0.32522532, 1)
light_energy = 0.208
light_indirect_energy = 0.0
distance_fade_enabled = true
spot_range = 292.332
spot_attenuation = -0.48

[node name="SpotLight3D9" type="SpotLight3D" parent="Lights" unique_id=346981380]
transform = Transform3D(-0.04539755, -0.011370695, 0.9989043, -0.13070995, 0.99140626, 0.0053449245, -0.99038076, -0.13032407, -0.04649367, 32.07071, 9.422493, -98.28366)
light_color = Color(0.8139428, 0.33818907, 0.32522532, 1)
light_energy = 0.208
light_indirect_energy = 0.0
distance_fade_enabled = true
spot_range = 292.332
spot_attenuation = -0.48

